10 0.01 50 1.0E-4 3.6668225251416486 1.9148949122971863 27579.0 ms 78.0 ms 

10 0.01 50 0.001 3.6704671785638725 1.9158463347992898 6390.0 ms 358.0 ms 

10 0.1 50 0.01 3.6793690078358274 1.9181681385727967 5723.0 ms 352.0 ms 

10 0.01 100 1.0E-4 3.667850278002503 1.9151632510056429 56722.0 ms 82.0 ms 

10 0.01 100 0.001 3.6704671785638725 1.9158463347992898 6091.0 ms 352.0 ms 

10 0.01 100 0.01 3.6704671785638725 1.9158463347992898 6389.0 ms 63.0 ms 

10 0.01 200 1.0E-4 3.6752464734605477 1.917093235463666 91460.0 ms 367.0 ms 

10 0.01 200 0.001 3.6704671785638725 1.9158463347992898 6377.0 ms 79.0 ms 

10 0.01 200 0.01 3.6704671785638725 1.9158463347992898 6232.0 ms 105.0 ms 

10 0.1 50 1.0E-4 3.667311790739985 1.9150226606335459 14963.0 ms 72.0 ms 

10 0.1 50 0.001 3.664829342318669 1.9143743997240115 8045.0 ms 78.0 ms 

10 0.1 50 0.01 3.6793690078358274 1.9181681385727967 6650.0 ms 367.0 ms 

10 0.1 100 1.0E-4 3.667311790739985 1.9150226606335459 15421.0 ms 82.0 ms 

10 0.1 100 0.001 3.664829342318669 1.9143743997240115 7140.0 ms 78.0 ms 

10 0.1 100 0.01 3.6793690078358274 1.9181681385727967 6445.0 ms 75.0 ms 

10 0.1 200 1.0E-4 3.667311790739985 1.9150226606335459 14776.0 ms 85.0 ms 

10 0.1 200 0.001 3.664829342318669 1.9143743997240115 7473.0 ms 60.0 ms 

10 0.1 200 0.01 3.6793690078358274 1.9181681385727967 6008.0 ms 119.0 ms 

10 1.0 50 1.0E-4 3.66512710753723 1.9144521690387644 22571.0 ms 76.0 ms 

10 1.0 50 0.001 3.6624320978058367 1.9137481803533705 10807.0 ms 76.0 ms 

10 1.0 50 0.01 3.6696902140500525 1.9156435508857206 3849.0 ms 85.0 ms 

10 1.0 100 1.0E-4 3.66512710753723 1.9144521690387644 23112.0 ms 359.0 ms 

10 1.0 100 0.001 3.6624320978058367 1.9137481803533705 10865.0 ms 137.0 ms 

10 1.0 100 0.01 3.6696902140500525 1.9156435508857206 2704.0 ms 81.0 ms 

10 1.0 200 1.0E-4 3.66512710753723 1.9144521690387644 22821.0 ms 77.0 ms 

10 1.0 200 0.001 3.6624320978058367 1.9137481803533705 9834.0 ms 92.0 ms 

10 1.0 200 0.01 3.6696902140500525 1.9156435508857206 2758.0 ms 77.0 ms 

10 10.0 50 1.0E-4 3.6696732561082244 1.9156391247070061 8478.0 ms 101.0 ms 

10 10.0 50 0.001 3.6696732561082244 1.9156391247070061 8689.0 ms 359.0 ms 

10 10.0 50 0.01 3.6696732561082244 1.9156391247070061 3190.0 ms 505.0 ms 

10 10.0 100 1.0E-4 3.6696732561082244 1.9156391247070061 8745.0 ms 86.0 ms 

10 10.0 100 0.001 3.6696732561082244 1.9156391247070061 8262.0 ms 118.0 ms 

10 10.0 100 0.01 3.6696732561082244 1.9156391247070061 3543.0 ms 76.0 ms 

10 10.0 200 1.0E-4 3.6696732561082244 1.9156391247070061 8525.0 ms 78.0 ms 

10 10.0 200 0.001 3.6696732561082244 1.9156391247070061 9364.0 ms 351.0 ms 

10 10.0 200 0.01 3.6696732561082244 1.9156391247070061 3581.0 ms 61.0 ms 

50 0.01 50 1.0E-4 3.666213550509134 1.9147358957592908 59431.0 ms 90.0 ms 

50 0.01 50 0.001 3.666213550509134 1.9147358957592908 55551.0 ms 80.0 ms 

50 0.01 50 0.01 3.669562945328513 1.9156103323297546 9436.0 ms 395.0 ms 

50 0.01 100 1.0E-4 3.666213550509134 1.9147358957592908 56599.0 ms 78.0 ms 

50 0.01 100 0.001 3.666213550509134 1.9147358957592908 55287.0 ms 80.0 ms 

50 0.01 100 0.01 3.669562945328513 1.9156103323297546 10298.0 ms 78.0 ms 

50 0.01 200 1.0E-4 3.666213550509134 1.9147358957592908 58184.0 ms 94.0 ms 

50 0.1 50 0.001 3.6605616438172492 1.9132594293031067 42430.0 ms 398.0 ms 

50 0.1 100 0.01 3.6589178338873998 1.9128297974172714 18362.0 ms 80.0 ms 

50 0.1 200 1.0E-4 3.6575772026855007 1.9124793339237685 152254.0 ms 68.0 ms 

50 1.0 50 1.0E-4 3.6592707542632055 1.9129220460497613 106650.0 ms 394.0 ms 

50 1.0 100 0.001 3.6610286462021713 1.9133814690756705 78540.0 ms 79.0 ms 

50 1.0 200 0.01 3.6696732561082244 1.9156391247070061 15858.0 ms 84.0 ms 

50 10.0 50 1.0E-4 3.6696732561082244 1.9156391247070061 188819.0 ms 83.0 ms 

50 10.0 100 0.001 3.6696732561082244 1.9156391247070061 72448.0 ms 83.0 ms 

50 10.0 200 0.01 3.6696732561082244 1.9156391247070061 17171.0 ms 78.0 ms 
